1
(0) 3
(1) 6
(2) 17
(3) 15
(4) 13
(5) 15
(6) 6
(7) 12
(8) 9
(9) 1
(10) 2
(11) 7
(12) 10
(13) 19
(14) 3
(15) 6
(16) 0
(17) 6
(18) 12
(19) 16
(20) 11
(21) 8
(22) 7
(23) 9
(24) 2
(25) 10
(26) 2
(27) 3
(28) 7
(29) 15
(30) 9
(31) 2
(32) 2
(33) 18
(34) 9
(35) 7
(36) 13
(37) 16
(38) 11
(39) 2
(40) 9
(41) 13
(42) 1
(43) 19
(44) 4
(45) 17
(46) 18
(47) 4
(48) 15
(49) 10
(50) 13
(51) 6
(52) 11
(53) 0
(54) 16
(55) 13
(56) 2
(57) 10
(58) 16
(59) 1
(60) 5
(61) 5
(62) 4
(63) 7
(64) 16
(65) 5
(66) 6
(67) 9
(68) 13
(69) 17
(70) 4
(71) 15
(72) 2
(73) 5
(74) 14
(75) 7
(76) 14
(77) 4
(78) 3
(79) 10
(80) 7
(81) 8
(82) 16
(83) 18
(84) 8
(85) 4
(86) 3
(87) 11
(88) 14
(89) 19
(90) 12
(91) 0
(92) 16
(93) 8
(94) 19
(95) 12
(96) 6
(97) 6
(98) 14
(99) 19
(100) 15
(101) 10
(102) 14
(103) 18
(104) 7
(105) 1
(106) 17
(107) 2
(108) 17
(109) 12
(110) 12
(111) 16
(112) 1
(113) 0
(114) 6
(115) 1
(116) 5
(117) 9
(118) 4
(119) 19
(120) 0
(121) 9
(122) 11
(123) 17
(124) 17
(125) 11
(126) 1
(127) 15
(128) 9
(129) 7
(130) 7
(131) 16
(132) 17
(133) 13
(134) 6
(135) 5
(136) 6
(137) 3
(138) 19
(139) 4
(140) 8
(141) 11
(142) 12
(143) 9
(144) 3
(145) 19
(146) 10
(147) 8
(148) 8
(149) 15
(150) 0
(151) 9
(152) 16
(153) 3
(154) 18
(155) 5
(156) 6
(157) 11
(158) 1
(159) 15
(160) 19
(161) 8
(162) 4
(163) 8
(164) 1
(165) 10
(166) 13
(167) 0
(168) 14
(169) 4
(170) 4
(171) 14
(172) 7
(173) 16
(174) 3
(175) 11
(176) 7
(177) 5
(178) 19
(179) 16
(180) 12
(181) 11
(182) 17
(183) 8
(184) 15
(185) 7
(186) 14
(187) 1
(188) 18
(189) 15
(190) 9
(191) 17
(192) 15
(193) 13
(194) 18
(195) 8
(196) 3
(197) 11
(198) 8
(199) 9
(200) 16
(201) 4
(202) 3
(203) 3
(204) 13
(205) 18
(206) 6
(207) 0
(208) 4
(209) 18
(210) 8
(211) 8
(212) 9
(213) 17
(214) 17
(215) 16
(216) 4
(217) 3
(218) 10
(219) 3
(220) 10
(221) 19
(222) 12
(223) 5
(224) 4
(225) 10
(226) 5
(227) 19
(228) 14
(229) 6
(230) 9
(231) 2
(232) 2
(233) 4
(234) 17
(235) 7
(236) 15
(237) 4
(238) 8
(239) 11
(240) 2
(241) 8
(242) 19
(243) 3
(244) 6
(245) 8
(246) 0
(247) 2
(248) 11
(249) 10
(250) 5
(251) 1
(252) 1
(253) 10
(254) 18
(255) 5
(256) 0
(257) 16
(258) 4
(259) 6
(260) 2
(261) 5
(262) 8
(263) 16
(264) 2
(265) 18
(266) 4
(267) 17
(268) 2
(269) 4
(270) 0
(271) 16
(272) 12
(273) 19
(274) 19
(275) 10
(276) 8
(277) 11
(278) 13
(279) 11
(280) 1
(281) 10
(282) 13
(283) 14
(284) 0
(285) 3
(286) 19
(287) 1
(288) 19
(289) 16
(290) 19
(291) 13
(292) 13
(293) 8
(294) 10
(295) 15
(296) 6
(297) 6
(298) 4
(299) 0
(300) 10
(301) 4
(302) 16
(303) 2
(304) 16
(305) 7
(306) 5
(307) 16
(308) 19
(309) 18
(310) 7
(311) 12
(312) 8
(313) 12
(314) 19
(315) 9
(316) 16
(317) 10
(318) 2
(319) 7
(320) 6
(321) 1
(322) 13
(323) 12
(324) 1
(325) 15
(326) 19
(327) 19
(328) 1
(329) 4
(330) 19
(331) 11
(332) 0
(333) 7
(334) 5
(335) 8
(336) 7
(337) 10
(338) 4
(339) 18
(340) 0
(341) 4
(342) 2
(343) 9
(344) 16
(345) 1
(346) 10
(347) 4
(348) 12
(349) 12
(350) 12
(351) 10
(352) 5
(353) 5
(354) 2
(355) 19
(356) 0
(357) 2
(358) 18
(359) 13
(360) 18
(361) 10
(362) 4
(363) 10
(364) 9
(365) 1
(366) 19
(367) 16
(368) 12
(369) 15
(370) 14
(371) 4
(372) 19
(373) 9
(374) 13
(375) 16
(376) 10
(377) 15
(378) 0
(379) 2
(380) 19
(381) 4
(382) 13
(383) 5
(384) 1
(385) 7
(386) 4
(387) 13
(388) 1
(389) 14
(390) 6
(391) 19
(392) 4
(393) 2
(394) 2
(395) 6
(396) 4
(397) 1
(398) 2
(399) 8
(400) 8
(401) 9
(402) 12
(403) 8
(404) 18
(405) 18
(406) 16
(407) 8
(408) 13
(409) 8
(410) 3
(411) 13
(412) 13
(413) 8
(414) 10
(415) 14
(416) 7
(417) 6
(418) 8
(419) 9
(420) 0
(421) 6
(422) 8
(423) 17
(424) 9
(425) 10
(426) 3
(427) 13
(428) 3
(429) 17
(430) 13
(431) 12
(432) 6
(433) 5
(434) 12
(435) 16
(436) 15
(437) 8
(438) 17
(439) 9
(440) 16
(441) 0
(442) 14
(443) 1
(444) 0
(445) 4
(446) 8
(447) 7
(448) 10
(449) 8
(450) 16
(451) 2
(452) 14
(453) 17
(454) 19
(455) 3
(456) 19
(457) 2
(458) 8
(459) 3
(460) 0
(461) 1
(462) 7
(463) 18
(464) 19
(465) 11
(466) 15
(467) 14
(468) 19
(469) 12
(470) 15
(471) 7
(472) 4
(473) 9
(474) 9
(475) 4
(476) 5
(477) 9
(478) 3
(479) 15
(480) 17
(481) 0
(482) 18
(483) 11
(484) 9
(485) 9
(486) 7
(487) 8
(488) 12
(489) 15
(490) 3
(491) 4
(492) 9
(493) 10
(494) 2
(495) 0
(496) 1
(497) 9
(498) 6
(499) 12
(500) 1
(501) 2
(502) 0
(503) 17
(504) 3
(505) 1
(506) 1
(507) 9
(508) 10
(509) 5
(510) 16
(511) 7
(512) 17
(513) 14
(514) 10
(515) 6
(516) 4
(517) 17
(518) 14
(519) 8
(520) 5
(521) 18
(522) 12
(523) 6
(524) 0
(525) 6
(526) 6
(527) 14
(528) 16
(529) 12
(530) 18
(531) 9
(532) 6
(533) 10
(534) 7
(535) 10
(536) 11
(537) 0
(538) 11
(539) 13
(540) 17
(541) 7
(542) 12
(543) 6
(544) 14
(545) 15
(546) 12
(547) 10
(548) 12
(549) 19
(550) 10
(551) 9
(552) 9
(553) 14
(554) 15
(555) 1
(556) 0
(557) 13
(558) 7
(559) 8
(560) 18
(561) 6
(562) 10
(563) 4
(564) 16
(565) 17
(566) 6
(567) 0
(568) 9
(569) 17
(570) 5
(571) 19
(572) 17
(573) 18
(574) 5
(575) 3
(576) 13
(577) 18
(578) 13
(579) 17
(580) 9
(581) 3
(582) 7
(583) 18
(584) 17
(585) 14
(586) 11
(587) 9
(588) 0
(589) 19
(590) 18
(591) 18
(592) 5
(593) 8
(594) 14
(595) 13
(596) 17
(597) 1
(598) 13
(599) 18
(600) 10
(601) 19
(602) 17
(603) 19
(604) 9
(605) 3
(606) 2
(607) 14
(608) 13
(609) 7
(610) 11
(611) 2
(612) 2
(613) 10
(614) 12
(615) 11
(616) 17
(617) 15
(618) 1
(619) 17
(620) 14
(621) 11
(622) 7
(623) 11
(624) 11
(625) 1
(626) 17
(627) 0
(628) 14
(629) 10
(630) 18
(631) 5
(632) 1
(633) 16
(634) 16
(635) 2
(636) 11
(637) 19
(638) 16
(639) 4
(640) 18
(641) 0
(642) 18
(643) 1
(644) 10
(645) 2
(646) 12
(647) 19
(648) 17
(649) 5
(650) 16
(651) 4
(652) 16
(653) 3
(654) 7
(655) 19
(656) 17
(657) 4
(658) 19
(659) 11
(660) 7
(661) 10
(662) 16
(663) 0
(664) 18
(665) 5
(666) 3
(667) 9
(668) 4
(669) 11
(670) 5
(671) 14
(672) 11
(673) 15
(674) 15
(675) 14
(676) 9
(677) 8
(678) 13
(679) 18
(680) 5
(681) 2
(682) 2
(683) 2
(684) 17
(685) 10
(686) 13
(687) 14
(688) 6
(689) 13
(690) 6
(691) 13
(692) 3
(693) 14
(694) 14
(695) 13
(696) 19
(697) 17
(698) 2
(699) 15
(700) 8
(701) 19
(702) 10
(703) 12
(704) 14
(705) 17
(706) 6
(707) 15
(708) 17
(709) 11
(710) 13
(711) 3
(712) 13
(713) 8
(714) 5
(715) 11
(716) 10
(717) 18
(718) 17
(719) 16
(720) 3
(721) 15
(722) 10
(723) 18
(724) 10
(725) 4
(726) 11
(727) 1
(728) 13
(729) 5
(730) 9
(731) 13
(732) 4
(733) 11
(734) 5
(735) 10
(736) 8
(737) 3
(738) 5
(739) 6
(740) 15
(741) 19
(742) 9
(743) 0
(744) 7
(745) 6
(746) 3
(747) 17
(748) 16
(749) 1
(750) 5
(751) 0
(752) 16
(753) 15
(754) 10
(755) 18
(756) 11
(757) 2
(758) 12
(759) 16
(760) 19
(761) 1
(762) 10
(763) 4
(764) 12
(765) 7
(766) 14
(767) 0
(768) 3
(769) 12
(770) 18
(771) 10
(772) 3
(773) 7
(774) 10
(775) 10
(776) 13
(777) 14
(778) 19
(779) 2
(780) 7
(781) 4
(782) 2
(783) 15
(784) 12
(785) 4
(786) 14
(787) 3
(788) 18
(789) 6
(790) 0
(791) 18
(792) 19
(793) 2
(794) 2
(795) 3
(796) 1
(797) 8
(798) 3
(799) 4
(800) 12
(801) 2
(802) 14
(803) 15
(804) 1
(805) 17
(806) 5
(807) 7
(808) 11
(809) 16
(810) 9
(811) 18
(812) 1
(813) 3
(814) 13
(815) 13
(816) 7
(817) 19
(818) 8
(819) 6
(820) 17
(821) 0
(822) 4
(823) 8
(824) 14
(825) 18
(826) 11
(827) 16
(828) 18
(829) 15
(830) 12
(831) 11
(832) 9
(833) 19
(834) 6
(835) 10
(836) 16
(837) 4
(838) 9
(839) 19
(840) 0
(841) 18
(842) 9
(843) 13
(844) 1
(845) 14
(846) 18
(847) 9
(848) 6
(849) 7
(850) 7
(851) 3
(852) 7
(853) 11
(854) 12
(855) 2
(856) 1
(857) 15
(858) 10
(859) 19
(860) 10
(861) 14
(862) 10
(863) 11
(864) 13
(865) 17
(866) 14
(867) 1
(868) 1
(869) 3
(870) 0
(871) 13
(872) 2
(873) 1
(874) 7
(875) 15
(876) 16
(877) 5
(878) 4
(879) 2
(880) 12
(881) 11
(882) 17
(883) 12
(884) 14
(885) 1
(886) 6
(887) 15
(888) 17
(889) 8
(890) 15
(891) 19
(892) 2
(893) 17
(894) 3
(895) 16
(896) 14
(897) 17
(898) 9
(899) 7
(900) 12
(901) 2
(902) 1
(903) 6
(904) 3
(905) 0
(906) 2
(907) 11
(908) 5
(909) 6
(910) 5
(911) 10
(912) 10
(913) 3
(914) 14
(915) 16
(916) 16
(917) 0
(918) 12
(919) 5
(920) 8
(921) 19
(922) 5
(923) 10
(924) 16
(925) 0
(926) 18
(927) 3
(928) 17
(929) 8
(930) 2
(931) 1
(932) 10
(933) 15
(934) 8
(935) 5
(936) 15
(937) 10
(938) 17
(939) 13
(940) 8
(941) 2
(942) 3
(943) 10
(944) 17
(945) 17
(946) 7
(947) 6
(948) 9
(949) 11
(950) 11
(951) 9
(952) 10
(953) 8
(954) 19
(955) 18
(956) 8
(957) 10
(958) 13
(959) 17
(960) 10
(961) 16
(962) 19
(963) 12
(964) 11
(965) 7
(966) 17
(967) 19
(968) 17
(969) 6
(970) 12
(971) 17
(972) 1
(973) 15
(974) 8
(975) 18
(976) 4
(977) 15
(978) 16
(979) 5
(980) 6
(981) 8
(982) 14
(983) 8
(984) 8
(985) 13
(986) 18
(987) 17
(988) 15
(989) 12
(990) 14
(991) 5
(992) 0
(993) 5
(994) 17
(995) 3
(996) 12
(997) 7
(998) 2
(999) 1